[gd_scene load_steps=14 format=2]

[ext_resource path="res://Scripts/BaseScript.cs" type="Script" id=1]
[ext_resource path="res://Scenes/CourtArea1.tscn" type="PackedScene" id=2]
[ext_resource path="res://Scenes/CourtArea2.tscn" type="PackedScene" id=3]
[ext_resource path="res://Scenes/CourtArea3.tscn" type="PackedScene" id=4]
[ext_resource path="res://Scenes/CourtAreaSpot.tscn" type="PackedScene" id=5]
[ext_resource path="res://Scripts/IsoCam.cs" type="Script" id=6]
[ext_resource path="res://Scenes/AdvertisingManager.tscn" type="PackedScene" id=7]
[ext_resource path="res://Scenes/CustomerSpawner.tscn" type="PackedScene" id=8]

[sub_resource type="RectangleShape2D" id=2]

[sub_resource type="BoxShape" id=1]
extents = Vector3( 42, 0.001, 28 )

[sub_resource type="DynamicFontData" id=5]
font_path = "res://Assets/SansBlack.ttf"

[sub_resource type="DynamicFont" id=4]
size = 23
font_data = SubResource( 5 )

[sub_resource type="DynamicFont" id=6]
size = 23
font_data = SubResource( 5 )

[node name="Spatial" type="Spatial"]
script = ExtResource( 1 )
StartMoneyValue = 800.0
StartMoneyMagnitude = "a"

[node name="TouchScreenButton" type="TouchScreenButton" parent="."]
shape = SubResource( 2 )
action = "left"

[node name="pivot" type="Spatial" parent="."]
script = ExtResource( 6 )

[node name="Camera" type="Camera" parent="pivot"]
transform = Transform( 1, 0, 0, 0, 0.707107, 0.707107, 0, -0.707107, 0.707107, 0, 100, 100 )
projection = 1
fov = 29.5
size = 20.0
far = 175.0

[node name="Spatial" type="Spatial" parent="."]
transform = Transform( 0.707107, 0, 0.707107, 0, 1, 0, -0.707107, 0, 0.707107, 0, 0, 0 )

[node name="Floor" type="CSGBox" parent="."]
transform = Transform( 0.707107, 0, 0.707107, 0, 1, 0, -0.707107, 0, 0.707107, 2.42018, -0.00519562, 2.37854 )
width = 42.0
height = 0.001
depth = 35.0

[node name="StaticBody" type="StaticBody" parent="Floor"]

[node name="CollisionShape" type="CollisionShape" parent="Floor/StaticBody"]
shape = SubResource( 1 )

[node name="CourtArea2" parent="." instance=ExtResource( 3 )]
transform = Transform( 0.707107, 0, 0.707107, 0, 1, 0, -0.707107, 0, 0.707107, 0, 0.05, 0 )

[node name="CourtAreaSpot" parent="." instance=ExtResource( 5 )]
transform = Transform( 0.707107, 0, 0.707107, 0, 1, 0, -0.707107, 0, 0.707107, -9.8995, 0.05, 9.8995 )
CourtAreaScene = ExtResource( 2 )
CostValue = 30.0
CostMagnitude = "c"

[node name="CourtAreaSpot2" parent="." instance=ExtResource( 5 )]
transform = Transform( 0.707107, 0, 0.707107, 0, 1, 0, -0.707107, 0, 0.707107, 9.8995, 0.05, -9.8995 )
CourtAreaScene = ExtResource( 4 )
CostValue = 560.0
CostMagnitude = "m"

[node name="MoneyLabel" type="Label" parent="."]
anchor_left = 0.03125
anchor_top = 0.00166667
anchor_right = 0.222656
anchor_bottom = 0.183334
custom_fonts/font = SubResource( 4 )
text = "ghfghfgh"
__meta__ = {
"_edit_use_anchors_": true
}

[node name="Button" type="Button" parent="."]
anchor_left = 0.786133
anchor_top = 0.833333
anchor_right = 0.973633
anchor_bottom = 0.993333
size_flags_horizontal = 3
size_flags_vertical = 3
custom_fonts/font = SubResource( 4 )
text = "Build"
__meta__ = {
"_edit_use_anchors_": true
}

[node name="MaxInputDelay" type="Timer" parent="."]
wait_time = 0.2
one_shot = true

[node name="DirectionalLight" type="DirectionalLight" parent="."]
transform = Transform( 1, 0, 0, 0, 0.881122, 0.472889, 0, -0.472889, 0.881122, -5.19891, 5.59912, 1.3027 )
light_energy = 0.455

[node name="Panel" parent="." instance=ExtResource( 7 )]
NewspaperCostValue = 8.0
NewspaperCostMagnitude = "a"
OnlineCostValue = 40.0
OnlineCostMagnitude = "d"
BillboardCostValue = 200.0
BillboardCostMagnitude = "l"
TVCostValue = 1.0
TVCostMagnitude = "s"

[node name="Spawner" parent="." instance=ExtResource( 8 )]

[node name="AdvertisementButton" type="Button" parent="."]
visible = false
anchor_left = 0.0244141
anchor_top = 0.833333
anchor_right = 0.211914
anchor_bottom = 0.993333
size_flags_horizontal = 3
size_flags_vertical = 3
custom_fonts/font = SubResource( 6 )
text = "Avertisement"
__meta__ = {
"_edit_use_anchors_": true
}

[connection signal="pressed" from="Button" to="." method="_on_Button_pressed"]
[connection signal="pressed" from="AdvertisementButton" to="." method="_on_AdvertisementButton_pressed"]
